
1 0
 0 0 0 0 0 0 0 0 0 0
 0 0 0 0 0 0 0 0 0 0
 0 0 0 0 0 0 0 0 0 0
 0 0 0 0 0 0 0 0 0 0
 0 0 0 0 0 0 0 0 0 0
 0 0 0 0 0 0 0 0 0 0
 0 0 0 0 0 0 0 0 0 0
 0 0 0 0 0 0 0 0 0 0
 0 0 0 0 0 0 0 0 0 0
 0 0 0 0 0 0 0 0 0 0
 0 0 0 0 0 0 0 0 0 0
 0 0 0 0 0 0 0 0 0 0
 0 0 0 0 0 0 0 0 0 0
 0 0 0 0 0 0 0 0 0 0
 3 0 0 0 0 0 0 0 0 0
 3 0 0 0 0 1 0 0 0 0
 3 0 0 0 0 1 0 0 0 0
 3 0 0 0 0 3 0 0 0 0
 0 1 0 0 0 5 0 0 0 0
 1 0 1 0 0 6 0 0 0 0
 2 3 1 0 0 7 1 0 0 0
 5 1 2 0 0 8 0 0 0 0
 3 5 0 0 0 7 0 0 0 0
 9 1 2 0 0 6 0 0 0 0
 9 2 1 0 0 7 0 0 0 0
 12 1 1 0 0 6 0 0 0 0
 13 1 1 0 0 6 0 1 0 0
 11 2 0 0 0 6 2 0 0 0
 12 4 0 0 0 9 3 0 0 0
 12 5 0 0 0 12 1 0 0 0
 15 5 0 0 0 10 1 1 0 0
 14 3 0 1 0 9 2 0 0 0
 13 4 2 0 0 8 2 0 0 0
 14 6 1 0 0 7 1 0 0 0
 17 7 0 0 0 8 1 0 0 0
 17 10 0 0 0 13 2 0 0 0
 16 10 0 0 0 14 1 1 0 0
 20 9 0 0 0 18 4 0 0 0
 21 9 0 1 0 24 3 2 0 0
 27 9 3 0 0 25 3 0 0 0
 27 10 3 0 0 24 4 1 0 0
 29 12 0 0 0 25 6 0 0 0
 27 12 0 0 0 20 6 1 0 0
 27 13 0 0 0 25 6 0 0 0
 26 9 0 0 0 31 1 0 0 0
 44 3 0 0 0 33 0 0 0 0
 39 3 0 0 0 24 1 0 0 0
 35 1 1 0 0 17 4 0 0 0
 24 4 0 0 0 12 0 0 0 0
 20 0 0 0 0 0 0 0 0 0
@

2 0
 0 0 0 0 0 0 0 0 0 0
 0 0 0 0 0 0 0 0 0 0
 0 0 0 0 0 0 0 0 0 0
 0 0 0 0 0 0 0 0 0 0
 0 0 0 0 0 0 0 0 0 0
 0 0 0 0 0 0 0 0 0 0
 0 0 0 0 0 0 0 0 0 0
 0 0 0 0 0 0 0 0 0 0
 0 0 0 0 0 0 0 0 0 0
 0 0 0 0 0 0 0 0 0 0
 0 0 0 0 0 0 0 0 0 0
 0 0 0 0 0 0 0 0 0 0
 0 0 0 0 0 0 0 0 0 0
 0 0 0 0 0 0 0 0 0 0
 0 0 0 0 0 1 0 0 0 0
 3 0 0 0 0 0 1 0 0 0
 3 0 0 0 0 4 1 0 0 0
 3 0 0 0 0 2 2 0 0 0
 0 0 0 0 0 5 0 0 0 0
 1 0 0 0 0 8 0 0 0 0
 1 1 0 0 0 7 1 0 0 0
 5 1 0 0 0 8 1 0 0 0
 3 2 0 0 0 8 0 0 0 0
 8 0 0 0 0 7 0 0 0 0
 9 2 0 0 0 6 1 0 0 0
 11 1 0 0 0 7 0 0 0 0
 10 1 1 0 0 6 0 0 1 0
 10 2 0 0 0 6 1 2 0 0
 10 2 0 0 0 7 3 2 0 0
 12 4 0 0 0 9 5 1 0 0
 14 3 0 0 0 12 1 0 1 0
 14 3 0 0 0 11 1 2 0 0
 12 3 1 0 0 10 2 1 0 0
 13 5 0 0 0 8 2 0 0 0
 15 6 0 0 0 7 1 1 0 0
 15 7 0 0 0 12 2 1 0 0
 15 10 0 0 0 14 2 0 1 0
 17 9 0 0 0 18 1 3 0 0
 20 9 0 0 0 22 6 2 0 0
 22 7 1 0 0 24 3 2 0 0
 24 9 3 0 0 25 3 1 1 0
 26 12 0 0 0 26 5 3 0 0
 25 12 0 0 0 25 6 0 1 0
 25 10 0 0 0 23 7 3 0 0
 26 9 0 0 0 29 7 1 0 0
 34 0 0 0 0 32 4 0 0 0
 39 3 0 0 0 33 0 1 0 0
 35 0 0 0 0 28 4 0 0 0
 23 1 0 0 0 17 4 0 0 0
 16 0 0 0 0 16 0 0 0 0
@

1 0
 0 0 0 0 0 0 0 0 0 0
 0 0 0 0 0 0 0 0 0 0
 0 0 0 0 0 0 0 0 0 0
 0 0 0 0 0 0 0 0 0 0
 0 0 0 0 0 0 0 0 0 0
 0 0 0 0 0 0 0 0 0 0
 0 0 0 0 0 0 0 0 0 0
 0 0 0 0 0 0 0 0 0 0
 0 0 0 0 0 0 0 0 0 0
 0 0 0 0 0 0 0 0 0 0
 0 0 0 0 0 0 0 0 0 0
 0 0 0 0 0 0 0 0 0 0
 0 0 0 0 0 0 0 0 0 0
 1 0 0 0 0 0 0 0 0 0
 6 0 0 0 0 0 0 0 0 0
 2 0 1 0 0 0 0 0 0 0
 3 1 0 0 0 0 0 0 0 0
 3 2 0 0 0 0 1 0 0 0
 9 0 0 0 0 3 0 1 0 0
 9 0 0 0 0 4 2 0 0 0
 11 0 0 0 0 7 2 0 0 0
 9 0 0 0 0 9 1 0 0 0
 5 2 1 0 0 9 1 0 0 0
 9 1 1 0 0 9 1 0 0 0
 9 2 0 1 0 9 3 0 0 0
 12 2 3 0 0 8 3 0 0 0
 13 7 2 0 0 8 3 0 0 0
 13 10 1 0 0 10 4 0 0 0
 19 7 0 1 0 10 4 1 0 0
 23 6 3 0 0 10 5 0 0 0
 28 5 1 0 0 9 5 0 0 0
 30 4 0 0 0 11 3 1 0 0
 35 3 0 0 0 10 6 0 0 0
 38 3 0 0 0 17 2 0 0 0
 34 2 1 0 0 18 2 0 0 0
 30 4 2 0 0 17 1 0 0 0
 31 4 0 1 0 18 1 0 0 0
 32 5 3 0 0 18 0 0 0 0
 45 5 0 0 0 16 0 0 0 0
 44 5 0 0 0 13 1 0 0 0
 43 5 0 0 0 13 1 0 0 0
 53 0 0 0 0 12 3 0 0 0
 54 0 0 0 0 16 3 0 0 0
 54 0 0 0 0 18 0 0 0 0
 47 0 0 0 0 12 2 0 0 0
 46 0 0 0 0 17 0 0 0 0
 48 0 0 0 0 11 0 0 0 0
 43 0 0 0 0 10 0 0 0 0
 36 0 0 0 0 2 0 0 0 0
 20 0 0 0 0 0 0 0 0 0
@

2 0
 0 0 0 0 0 0 0 0 0 0
 0 0 0 0 0 0 0 0 0 0
 0 0 0 0 0 0 0 0 0 0
 0 0 0 0 0 0 0 0 0 0
 0 0 0 0 0 0 0 0 0 0
 0 0 0 0 0 0 0 0 0 0
 0 0 0 0 0 0 0 0 0 0
 0 0 0 0 0 0 0 0 0 0
 0 0 0 0 0 0 0 0 0 0
 0 0 0 0 0 0 0 0 0 0
 0 0 0 0 0 0 0 0 0 0
 0 0 0 0 0 0 0 0 0 0
 0 0 0 0 0 0 0 0 0 0
 0 0 0 0 0 0 0 0 0 0
 1 0 0 0 0 0 0 0 0 0
 2 0 0 0 0 0 0 0 0 0
 2 1 0 0 0 0 0 0 0 0
 3 1 0 0 0 0 0 1 0 0
 5 0 0 0 0 2 1 0 1 0
 9 0 0 0 0 4 0 2 0 0
 9 0 0 0 0 5 3 1 0 0
 9 0 0 0 0 8 2 1 0 0
 4 0 0 0 0 9 1 0 0 0
 7 1 0 0 0 9 1 0 0 0
 9 2 0 0 0 9 3 0 0 0
 9 1 1 0 0 9 3 0 0 0
 12 5 0 0 0 8 3 0 0 0
 13 9 0 0 0 9 4 1 0 0
 16 7 0 0 0 10 4 1 0 0
 22 4 1 0 0 10 4 1 0 0
 27 5 0 0 0 11 5 0 0 0
 28 4 0 0 0 9 5 0 1 0
 31 3 0 0 0 12 3 3 0 0
 35 3 0 0 0 13 7 1 0 0
 34 2 0 0 0 17 2 1 0 0
 29 3 0 0 0 18 2 0 0 0
 31 4 0 0 0 17 2 0 0 0
 29 4 1 0 0 18 1 0 0 0
 35 5 0 0 0 18 0 0 0 0
 40 5 0 0 0 16 0 1 0 0
 41 5 0 0 0 14 2 1 0 0
 46 0 0 0 0 13 1 2 0 0
 50 0 0 0 0 14 3 2 0 0
 45 0 0 0 0 18 3 0 0 0
 47 0 0 0 0 18 0 2 0 0
 39 0 0 0 0 16 4 0 0 0
 34 0 0 0 0 17 0 0 0 0
 35 0 0 0 0 13 0 0 0 0
 29 0 0 0 0 10 0 0 0 0
 19 0 0 0 0 2 0 0 0 0
@
